vesselCount = 4
UT = 1309646.3181571227
gameMode = CAREER
gameNull = False
gameCompatible = True
funds = 250339.19853105443
science = 122
reputationPercent = 29
ongoingContracts = 1
saveMD5 = bd9279a0495de6fb4ea78ae3f3fc9c0b
