vesselCount = 13
UT = 8104573.0084565235
gameMode = CAREER
gameNull = False
gameCompatible = True
funds = 1629012.545785832
science = 462
reputationPercent = 53
ongoingContracts = 3
saveMD5 = b619367b828dba32bfdc4ecfe948b39b
