vesselCount = 18
UT = 19757413.313764546
gameMode = CAREER
gameNull = False
gameCompatible = True
funds = 857183.74842104362
science = 363
reputationPercent = 55
ongoingContracts = 5
saveMD5 = 14e462fc5595207ace6a71b5dbdafc28
