vesselCount = 1
UT = 5041.2591882406923
gameMode = CAREER
gameNull = False
gameCompatible = True
funds = 329457.58344244951
science = 37
reputationPercent = 8
ongoingContracts = 1
saveMD5 = a7f1dfb37e3195d209b467001d02560b
