vesselCount = 13
UT = 8189882.3872134639
gameMode = CAREER
gameNull = False
gameCompatible = True
funds = 1842805.4971263881
science = 170
reputationPercent = 55
ongoingContracts = 3
saveMD5 = 730dc4992b2bd324b532cb15b96d9497
