saveMD5 = 1dea17f5e9da858d72b1a79f0209e462
vesselCount = 24
UT = 355921939.50025368
gameMode = CAREER
gameNull = False
gameCompatible = True
funds = 1156276.2438432099
science = 87
reputationPercent = 80
ongoingContracts = 2
saveMD5 = 1dea17f5e9da858d72b1a79f0209e462
