saveMD5 = 42bf66fd507f76dc79c4691f3cdb9336
vesselCount = 19
UT = 349800912.83117533
gameMode = CAREER
gameNull = False
gameCompatible = True
funds = 1204750.3223201791
science = 2287
reputationPercent = 79
ongoingContracts = 1
saveMD5 = 42bf66fd507f76dc79c4691f3cdb9336
