saveMD5 = 471247aa09c34671a501e56f679a0f4c
vesselCount = 9
UT = 310785395.84235322
gameMode = CAREER
gameNull = False
gameCompatible = True
funds = 3031106.1516389409
science = 1749
reputationPercent = 79
ongoingContracts = 1
saveMD5 = 471247aa09c34671a501e56f679a0f4c
