vesselCount = 11
UT = 4319015.8443858204
gameMode = CAREER
gameNull = False
gameCompatible = True
funds = 177454.85791859042
science = 25
reputationPercent = 40
ongoingContracts = 1
saveMD5 = da65ad5122894118f8cc4bab97d87a95
