vesselCount = 9
UT = 3999114.62181128
gameMode = CAREER
gameNull = False
gameCompatible = True
funds = 241455.47746423318
science = 435
reputationPercent = 36
ongoingContracts = 2
saveMD5 = 0798fe71216dcf7da50053b5303ca684
