vesselCount = 18
UT = 194947806.74642995
gameMode = CAREER
gameNull = False
gameCompatible = True
funds = 836671.88637448451
science = 452
reputationPercent = 71
ongoingContracts = 1
saveMD5 = 5d4e5736298b8ca950ff2624c37dd440
