saveMD5 = 07c9b4336677b5f57636617cce466a22
vesselCount = 21
UT = 349901760.45143658
gameMode = CAREER
gameNull = False
gameCompatible = True
funds = 1438838.9672757071
science = 87
reputationPercent = 79
ongoingContracts = 3
saveMD5 = 07c9b4336677b5f57636617cce466a22
