vesselCount = 19
UT = 249522657.8574625
gameMode = CAREER
gameNull = False
gameCompatible = True
funds = 1744631.0725791566
science = 162
reputationPercent = 74
ongoingContracts = 0
saveMD5 = 596e011dc3435ef64afd8c0de19d7216
