vesselCount = 6
UT = 3380419.8441032427
gameMode = CAREER
gameNull = False
gameCompatible = True
funds = 376869.33610987535
science = 261
reputationPercent = 28
ongoingContracts = 1
saveMD5 = a6e436ef42df4e517ee6b18f8cd38006
