vesselCount = 0
UT = 499.17123413070124
gameMode = CAREER
gameNull = False
gameCompatible = True
funds = 146307.30096721649
science = 31
reputationPercent = 2
ongoingContracts = 0
saveMD5 = 101aade4af9418a8a21bbab3d406cbef
