vesselCount = 9
UT = 4009339.8132208735
gameMode = CAREER
gameNull = False
gameCompatible = True
funds = 435566.79909661826
science = 147
reputationPercent = 38
ongoingContracts = 2
saveMD5 = e33f8a94098d1fb2dacdaa84dc406813
