saveMD5 = 1cfbbee70bc0449842e06ee44770d0c7
vesselCount = 26
UT = 355920437.87640291
gameMode = CAREER
gameNull = False
gameCompatible = True
funds = 985631.02217039187
science = 87
reputationPercent = 80
ongoingContracts = 2
saveMD5 = 1cfbbee70bc0449842e06ee44770d0c7
