vesselCount = 18
UT = 20295157.024559151
gameMode = CAREER
gameNull = False
gameCompatible = True
funds = 845815.15960297035
science = 63
reputationPercent = 55
ongoingContracts = 6
saveMD5 = 9b1fbfea79641f6527d8e8471cf8d5b9
