vesselCount = 14
UT = 17733933.463255558
gameMode = CAREER
gameNull = False
gameCompatible = True
funds = 490567.69558784476
science = 38
reputationPercent = 57
ongoingContracts = 2
saveMD5 = 8bcc4bc49aecc47ac81fa5d2fdfc14aa
