vesselCount = 12
UT = 357627583.20172918
gameMode = CAREER
gameNull = False
gameCompatible = True
funds = 1412395.6111293845
science = 87
reputationPercent = 81
ongoingContracts = 1
missionCurrentScore = 0
missionIsStarted = False
missionIsEnded = False
missionHistoryId = 00000000-0000-0000-0000-000000000000
saveMD5 = 1bbc6b13fa79f0759115c40de58ef90b
