saveMD5 = 413e2759802ebe25efcbe8bff88f5a7a
vesselCount = 24
UT = 355922084.6001153
gameMode = CAREER
gameNull = False
gameCompatible = True
funds = 1067764.154874933
science = 87
reputationPercent = 80
ongoingContracts = 2
saveMD5 = 413e2759802ebe25efcbe8bff88f5a7a
