vesselCount = 2
UT = 233272.64981009412
gameMode = CAREER
gameNull = False
gameCompatible = True
funds = 513024.38196363352
science = 68
reputationPercent = 24
ongoingContracts = 2
saveMD5 = 41d9b3034fdbe611641c5d7b14898b03
