vesselCount = 10
UT = 6834998.6037130272
gameMode = CAREER
gameNull = False
gameCompatible = True
funds = 791063.21972743818
science = 255
reputationPercent = 46
ongoingContracts = 2
saveMD5 = 92f355684d1551b7dcb422828b87f71c
