saveMD5 = 861522f9f9b73a1ffa2095a5e655727f
vesselCount = 19
UT = 265297460.41367352
gameMode = CAREER
gameNull = False
gameCompatible = True
funds = 1514676.3628213517
science = 241
reputationPercent = 74
ongoingContracts = 0
saveMD5 = 861522f9f9b73a1ffa2095a5e655727f
