vesselCount = 14
UT = 356057196.26926798
gameMode = CAREER
gameNull = False
gameCompatible = True
funds = 936415.16028226633
science = 87
reputationPercent = 80
ongoingContracts = 1
missionCurrentScore = 0
missionIsStarted = False
missionIsEnded = False
missionHistoryId = 00000000-0000-0000-0000-000000000000
saveMD5 = 5e7f726cb2759fe2f9936d320b1f3742
