vesselCount = 15
UT = 73559604.574451953
gameMode = CAREER
gameNull = False
gameCompatible = True
funds = 1181457.0445546573
science = 60
reputationPercent = 68
ongoingContracts = 1
saveMD5 = d8d33ef9c1d6e76228e47d2324f1038f
