vesselCount = 8
UT = 357629561.9398421
gameMode = CAREER
gameNull = False
gameCompatible = True
funds = 1416914.8547906412
science = 0
reputationPercent = 81
ongoingContracts = 1
missionCurrentScore = 0
missionIsStarted = False
missionIsEnded = False
missionHistoryId = 00000000-0000-0000-0000-000000000000
missionExpansionVersion = 
saveMD5 = 32d188d1c68447dee9e36bdb47e10207
