vesselCount = 1
UT = 24999.197124837428
gameMode = CAREER
gameNull = False
gameCompatible = True
funds = 468702.84122633934
science = 70
reputationPercent = 12
ongoingContracts = 2
saveMD5 = e472aa0b647ce74742d5a24f8194d316
