saveMD5 = 98fefffb0fee84cbd592c38e578b5255
vesselCount = 24
UT = 355921953.78024006
gameMode = CAREER
gameNull = False
gameCompatible = True
funds = 1156276.2438432099
science = 87
reputationPercent = 80
ongoingContracts = 2
saveMD5 = 98fefffb0fee84cbd592c38e578b5255
