saveMD5 = 831e88faa7be6249672165215d4da354
vesselCount = 8
UT = 310748478.54702717
gameMode = CAREER
gameNull = False
gameCompatible = True
funds = 3186261.6471921662
science = 1746
reputationPercent = 79
ongoingContracts = 2
saveMD5 = 831e88faa7be6249672165215d4da354
