saveMD5 = 9284d7d614c750b7663f538bdafcad99
vesselCount = 13
UT = 328832180.86338055
gameMode = CAREER
gameNull = False
gameCompatible = True
funds = 2532689.3715409795
science = 1790
reputationPercent = 79
ongoingContracts = 1
saveMD5 = 9284d7d614c750b7663f538bdafcad99
