saveMD5 = 4a7fdb39394aa945c050f98c98fd06b5
vesselCount = 22
UT = 349911129.11892182
gameMode = CAREER
gameNull = False
gameCompatible = True
funds = 864884.40477570705
science = 87
reputationPercent = 79
ongoingContracts = 3
saveMD5 = 4a7fdb39394aa945c050f98c98fd06b5
