vesselCount = 15
UT = 18074013.672474772
gameMode = CAREER
gameNull = False
gameCompatible = True
funds = 568208.09722229908
science = 125
reputationPercent = 57
ongoingContracts = 5
saveMD5 = d078180edea095981b5da209f0995bc1
