vesselCount = 5
UT = 1348093.0759163415
gameMode = CAREER
gameNull = False
gameCompatible = True
funds = 376627.51030650001
science = 43
reputationPercent = 25
ongoingContracts = 1
saveMD5 = 1dc8cab64d4dac4415c2da4fdcebbfa6
