saveMD5 = 356400d55762c4491525ce301f498fcc
vesselCount = 6
UT = 277209625.9778536
gameMode = CAREER
gameNull = False
gameCompatible = True
funds = 310731.77180891507
science = 594
reputationPercent = 77
ongoingContracts = 2
saveMD5 = 356400d55762c4491525ce301f498fcc
