saveMD5 = 0453512b431648280282d6cfe2bb24cc
vesselCount = 18
UT = 346185180.12351292
gameMode = CAREER
gameNull = False
gameCompatible = True
funds = 1708483.329774336
science = 1790
reputationPercent = 79
ongoingContracts = 1
saveMD5 = 0453512b431648280282d6cfe2bb24cc
