vesselCount = 18
UT = 19713873.709242649
gameMode = CAREER
gameNull = False
gameCompatible = True
funds = 784435.87118791998
science = 254
reputationPercent = 61
ongoingContracts = 2
saveMD5 = 6d99d761a612d356226349b92fbda8ca
