saveMD5 = 0a2abb75cf689fea3c2403254e9f0fcd
vesselCount = 24
UT = 355920627.1562224
gameMode = CAREER
gameNull = False
gameCompatible = True
funds = 1153746.1944458606
science = 87
reputationPercent = 80
ongoingContracts = 2
saveMD5 = 0a2abb75cf689fea3c2403254e9f0fcd
