vesselCount = 12
UT = 357627603.30171001
gameMode = CAREER
gameNull = False
gameCompatible = True
funds = 1412395.6111293845
science = 87
reputationPercent = 81
ongoingContracts = 1
missionCurrentScore = 0
missionIsStarted = False
missionIsEnded = False
missionHistoryId = 00000000-0000-0000-0000-000000000000
saveMD5 = 0897967f69555ab4746b260d799b7f7b
