vesselCount = 14
UT = 8333594.576311823
gameMode = CAREER
gameNull = False
gameCompatible = True
funds = 134003.21654760349
science = 180
reputationPercent = 55
ongoingContracts = 3
saveMD5 = 5a855429d6fa7f69a1572351991c4bdf
