vesselCount = 8
UT = 3607337.7668103944
gameMode = CAREER
gameNull = False
gameCompatible = True
funds = 223149.64177745453
science = 103
reputationPercent = 35
ongoingContracts = 2
saveMD5 = 9a092eaee0dcc8f93717a3389d2f9116
