vesselCount = 9
UT = 4231708.3668144038
gameMode = CAREER
gameNull = False
gameCompatible = True
funds = 421451.57666859042
science = 13
reputationPercent = 39
ongoingContracts = 2
saveMD5 = 32f8f22fa1d5e918d8c1e23f90843d23
