vesselCount = 19
UT = 249522511.03738374
gameMode = CAREER
gameNull = False
gameCompatible = True
funds = 1744631.0725791566
science = 162
reputationPercent = 74
ongoingContracts = 0
saveMD5 = 750ef70224090ffb6ea1f72e307b4894
