vesselCount = 2
UT = 214181.85828671861
gameMode = CAREER
gameNull = False
gameCompatible = True
funds = 465697.45808848774
science = 25
reputationPercent = 24
ongoingContracts = 1
saveMD5 = 8dab1a1528bcd2c51c9ae0017ed008a2
