vesselCount = 11
UT = 4318721.6143912608
gameMode = CAREER
gameNull = False
gameCompatible = True
funds = 307367.30323109042
science = 25
reputationPercent = 40
ongoingContracts = 1
saveMD5 = 1d6405f021a39e2f8b06bb51295ef1bb
