saveMD5 = 11267ed537ca53f51ec294cf0d4cb451
vesselCount = 21
UT = 349901633.22267693
gameMode = CAREER
gameNull = False
gameCompatible = True
funds = 1438838.9672757071
science = 87
reputationPercent = 79
ongoingContracts = 3
saveMD5 = 11267ed537ca53f51ec294cf0d4cb451
