saveMD5 = 5e7b17757c8b364a2b183661146c03b9
vesselCount = 23
UT = 273990090.0233326
gameMode = CAREER
gameNull = False
gameCompatible = True
funds = 991130.85183637962
science = 22
reputationPercent = 76
ongoingContracts = 2
saveMD5 = 5e7b17757c8b364a2b183661146c03b9
