vesselCount = 18
UT = 19757407.973764665
gameMode = CAREER
gameNull = False
gameCompatible = True
funds = 857183.74842104362
science = 363
reputationPercent = 55
ongoingContracts = 5
saveMD5 = 7db7fcf23dbda84bad45e7feabc55802
