saveMD5 = 5e302ccede4f4bcda5b30ffb9c1c8439
vesselCount = 10
UT = 310782264.01201046
gameMode = CAREER
gameNull = False
gameCompatible = True
funds = 2815355.6404065648
science = 1749
reputationPercent = 79
ongoingContracts = 1
saveMD5 = 5e302ccede4f4bcda5b30ffb9c1c8439
