vesselCount = 2
UT = 4496.8841296423352
gameMode = CAREER
gameNull = False
gameCompatible = True
funds = 328017.5112292766
science = 31
reputationPercent = 8
ongoingContracts = 1
saveMD5 = a9083a527d79047b509bf3c7e883d82c
