vesselCount = 15
UT = 17733578.783263486
gameMode = CAREER
gameNull = False
gameCompatible = True
funds = 325207.04771015159
science = 510
reputationPercent = 56
ongoingContracts = 4
saveMD5 = f5d75ac89c713eb501c300398e4d16d1
