vesselCount = 11
UT = 6636540.317835601
gameMode = CAREER
gameNull = False
gameCompatible = True
funds = 430861.65043727704
science = 77
reputationPercent = 43
ongoingContracts = 5
saveMD5 = e82a0e0b0861e74642a451c7489519ea
