vesselCount = 5
UT = 1347368.2959156665
gameMode = CAREER
gameNull = False
gameCompatible = True
funds = 376627.51030650001
science = 133
reputationPercent = 25
ongoingContracts = 1
saveMD5 = 2fd3d2406f4f848b0a9f0311c5654436
