saveMD5 = 7c9bd6f8c50f4860b84b1fe43d67fd91
vesselCount = 12
UT = 328827590.94401616
gameMode = CAREER
gameNull = False
gameCompatible = True
funds = 2826785.5449571172
science = 1790
reputationPercent = 79
ongoingContracts = 1
saveMD5 = 7c9bd6f8c50f4860b84b1fe43d67fd91
