vesselCount = 14
UT = 8187936.2442499585
gameMode = CAREER
gameNull = False
gameCompatible = True
funds = 1744366.3493154522
science = 165
reputationPercent = 54
ongoingContracts = 4
saveMD5 = b05ecd29f4c90b9b6a20c6a7aeca07c3
