vesselCount = 4
UT = 1295941.048088203
gameMode = CAREER
gameNull = False
gameCompatible = True
funds = 511739.19853105443
science = 54
reputationPercent = 27
ongoingContracts = 2
saveMD5 = b8c6417db3efef79c95247d45d69fb66
