saveMD5 = 04bb30916019ae6a1484fb3e3e0e5e7b
vesselCount = 25
UT = 355921852.30033684
gameMode = CAREER
gameNull = False
gameCompatible = True
funds = 1153746.1944458606
science = 87
reputationPercent = 80
ongoingContracts = 2
saveMD5 = 04bb30916019ae6a1484fb3e3e0e5e7b
