vesselCount = 11
UT = 4059588.1189853717
gameMode = CAREER
gameNull = False
gameCompatible = True
funds = 399240.64103111636
science = 203
reputationPercent = 39
ongoingContracts = 1
saveMD5 = bad9cf95b7f99466ab9cd0b52d487009
