vesselCount = 10
UT = 4009157.9582304768
gameMode = CAREER
gameNull = False
gameCompatible = True
funds = 306115.67818502017
science = 132
reputationPercent = 37
ongoingContracts = 3
saveMD5 = 1a2868389cf2c1026cea24a0a2867ddd
