vesselCount = 18
UT = 72871663.940289006
gameMode = CAREER
gameNull = False
gameCompatible = True
funds = 1180100.7544617122
science = 55
reputationPercent = 68
ongoingContracts = 1
saveMD5 = ca20121b3ae541b65251343c14692c02
