vesselCount = 7
UT = 3375723.6259676483
gameMode = CAREER
gameNull = False
gameCompatible = True
funds = 349480.52357172838
science = 113
reputationPercent = 28
ongoingContracts = 1
saveMD5 = 836ff7cb9a0530be0b8b4cdd81b16493
