vesselCount = 10
UT = 3899238.8124091523
gameMode = CAREER
gameNull = False
gameCompatible = True
funds = 212204.1143001325
science = 235
reputationPercent = 36
ongoingContracts = 1
saveMD5 = c69612a5f3e635a5c3fdbbd6df35e349
