vesselCount = 18
UT = 194947443.50623509
gameMode = CAREER
gameNull = False
gameCompatible = True
funds = 836671.88637448451
science = 452
reputationPercent = 71
ongoingContracts = 1
saveMD5 = d07ecb0c8efa3c31e75ccb42189a4d60
