vesselCount = 19
UT = 19713858.169242997
gameMode = CAREER
gameNull = False
gameCompatible = True
funds = 784435.87118791998
science = 254
reputationPercent = 61
ongoingContracts = 2
saveMD5 = 5bfe85c3adc21f2cade3de97e8acadf3
