saveMD5 = 62ae02c3f13f81032fdfa6468e469410
vesselCount = 13
UT = 328831733.01283294
gameMode = CAREER
gameNull = False
gameCompatible = True
funds = 2262780.5221719304
science = 1790
reputationPercent = 79
ongoingContracts = 1
saveMD5 = 62ae02c3f13f81032fdfa6468e469410
