vesselCount = 13
UT = 8332679.5148534179
gameMode = CAREER
gameNull = False
gameCompatible = True
funds = 166730.34522706969
science = 180
reputationPercent = 55
ongoingContracts = 2
saveMD5 = df0074d13036e19d90fca9a1425d67aa
