saveMD5 = 0eba0b0899e41edd4ef58559dda20790
vesselCount = 12
UT = 328827458.32414263
gameMode = CAREER
gameNull = False
gameCompatible = True
funds = 2768534.0266389409
science = 1790
reputationPercent = 79
ongoingContracts = 1
saveMD5 = 0eba0b0899e41edd4ef58559dda20790
