vesselCount = 13
UT = 8093270.835026565
gameMode = CAREER
gameNull = False
gameCompatible = True
funds = 1629012.545785832
science = 273
reputationPercent = 53
ongoingContracts = 3
saveMD5 = 1b5c40bcfb3baa6114b4369ec9c8cea2
