vesselCount = 15
UT = 356056457.22236133
gameMode = CAREER
gameNull = False
gameCompatible = True
funds = 775963.30178655405
science = 87
reputationPercent = 80
ongoingContracts = 2
missionCurrentScore = 0
missionIsStarted = False
missionIsEnded = False
missionHistoryId = 00000000-0000-0000-0000-000000000000
saveMD5 = 7b668d9ccff04815f110c7a04f607513
