vesselCount = 8
UT = 3486012.8147573564
gameMode = CAREER
gameNull = False
gameCompatible = True
funds = 218109.07779282206
science = 139
reputationPercent = 33
ongoingContracts = 1
saveMD5 = a288d47b2ef45ede2d5cc454c748d830
