vesselCount = 13
UT = 357624030.31692988
gameMode = CAREER
gameNull = False
gameCompatible = True
funds = 1370324.2617641501
science = 87
reputationPercent = 81
ongoingContracts = 1
missionCurrentScore = 0
missionIsStarted = False
missionIsEnded = False
missionHistoryId = 00000000-0000-0000-0000-000000000000
saveMD5 = 06583a978481225ebfb33a418a5515a4
