vesselCount = 18
UT = 19771368.871051844
gameMode = CAREER
gameNull = False
gameCompatible = True
funds = 845815.15960297035
science = 63
reputationPercent = 55
ongoingContracts = 6
saveMD5 = 19441afd12e2099f53bfa6c138d2d926
