saveMD5 = 78abb31f2bed60a7aaf6f1a27b51e501
vesselCount = 8
UT = 310748305.62719208
gameMode = CAREER
gameNull = False
gameCompatible = True
funds = 3186261.6471921662
science = 1746
reputationPercent = 79
ongoingContracts = 2
saveMD5 = 78abb31f2bed60a7aaf6f1a27b51e501
