vesselCount = 15
UT = 356896294.23847449
gameMode = CAREER
gameNull = False
gameCompatible = True
funds = 762213.70227063913
science = 87
reputationPercent = 80
ongoingContracts = 2
missionCurrentScore = 0
missionIsStarted = False
missionIsEnded = False
missionHistoryId = 00000000-0000-0000-0000-000000000000
saveMD5 = 0dd989489a0bae85bf69e5b7700f8ff7
