saveMD5 = 96e240726a68ef2cd15c851dc6f09917
vesselCount = 26
UT = 355919503.89729363
gameMode = CAREER
gameNull = False
gameCompatible = True
funds = 1016570.8115666779
science = 87
reputationPercent = 80
ongoingContracts = 2
saveMD5 = 96e240726a68ef2cd15c851dc6f09917
